"WFR"	"WDR"	"WFS"	"WDS"	"Biomass"	"WF"	"WC"
"WFR"	1	0.027149608867739	0.0377539818544729	0.00350168367520684	0.00559167173779562	0.999001428021112	0.999197941049062
"WDR"	0.027149608867739	1	0.683456556281814	0.545464323031173	0.602420790316266	0.0576340402128991	0.0454495470845595
"WFS"	0.0377539818544729	0.683456556281814	1	0.406646710693635	0.444004202405066	0.0823626858319794	0.0733940346498599
"WDS"	0.00350168367520684	0.545464323031173	0.406646710693635	1	0.997579504390372	0.0216739078588422	0.00147513562593224
"Biomass"	0.00559167173779562	0.602420790316266	0.444004202405066	0.997579504390372	1	0.0254285153109354	0.00518183198697747
"WF"	0.999001428021112	0.0576340402128991	0.0823626858319794	0.0216739078588422	0.0254285153109354	1	0.999794987744537
"WC"	0.999197941049062	0.0454495470845595	0.0733940346498599	0.00147513562593224	0.00518183198697747	0.999794987744537	1
