"DPRMaZ"	"SAPRMaZ"	"SDAPRMaZ"	"SSAPRMaZ"	"CDPRMaZ"	"CSAPRMaZ"	"XNPRMaZ"	"XADPRMaZ"	"XASAPRMaZ"	"PNPRMaZ"	"PADPRMaZ"	"PASAPRMaZ"	"DPRMZ"	"SAPRMZ"	"SDAPRMZ"	"SSAPRMZ"	"CDPRMZ"	"CSAPRMZ"	"XNPRMZ"	"XADPRMZ"	"XASAPRMZ"	"PNPRMZ"	"PADPRMZ"	"PASAPRMZ"	"DPREZ"	"SAPREZ"	"SDAPREZ"	"SSAPREZ"	"CDPREZ"	"CSAPREZ"	"XNPREZ"	"XADPREZ"	"XASAPREZ"	"PNPREZ"	"PADPREZ"	"PASAPREZ"	"DLRMaZ"	"SALRMaZ"	"SDALRMaZ"	"SSALRMaZ"	"CDLRMaZ"	"CSALRMaZ"	"XNLRMaZ"	"XADLRMaZ"	"XASALRMaZ"	"PNLRMaZ"	"PADLRMaZ"	"PASALRMaZ"	"DLRMZ"	"SALRMZ"	"SDALRMZ"	"SSALRMZ"	"CDLRMZ"	"CSALRMZ"	"XNLRMZ"	"XADLRMZ"	"XASALRMZ"	"PNLRMZ"	"PADLRMZ"	"PASALRMZ"	"DLREZ"	"SALREZ"	"SDALREZ"	"SSALREZ"	"CDLREZ"	"CSALREZ"	"XNLREZ"	"XADLREZ"	"XASALREZ"	"PNLREZ"	"PADLREZ"	"PASALREZ"	"DCRMaZ"	"SACRMaZ"	"SDACRMaZ"	"SSACRMaZ"	"CDCRMaZ"	"CSACRMaZ"	"XNCRMaZ"	"XADCRMaZ"	"XASACRMaZ"	"PNCRMaZ"	"PADCRMaZ"	"PASACRMaZ"	"DCRMZ"	"SACRMZ"	"SDACRMZ"	"SSACRMZ"	"CDCRMZ"	"CSACRMZ"	"XNCRMZ"	"XADCRMZ"	"XASACRMZ"	"PNCRMZ"	"PADCRMZ"	"PASACRMZ"	"DCREZ"	"SACREZ"	"SDACREZ"	"SSACREZ"	"CDCREZ"	"CSACREZ"	"XNCREZ"	"XADCREZ"	"XASACREZ"	"PNCREZ"	"PADCREZ"	"PASACREZ"
"DPRMaZ"	1	0.979647443829513	0.767367701797129	0.664924846529457	0.931468068386752	0.956963980557187	0.228472807762108	0.534262075511519	0.528733634110322	0.354503699399613	0.461190815992621	0.478679965889834	0.666007005243063	0.660189678908055	0.604606443424556	0.517761964373496	0.579594677768729	0.634714721005101	0.229075098785386	0.41467041779288	0.416533174480581	0.356769953914439	0.313638959229647	0.372729641286054	0.776807291399337	0.802561710516156	0.640260643558666	0.528879715853705	0.742368846855306	0.795422196253367	0.0832458637580484	0.569237947381307	0.540079794276567	0.0142364053716979	0.423655740504407	0.456212159145565	0.0524214612514586	0.0754792017191567	-0.0327301048408847	-0.13475051991704	0.117236154823769	0.0474105033397715	-0.00394756766447682	-0.0946036551133934	-0.117893269577442	-0.162522065273132	0.139293502548104	0.158220363434315	0.12324003955501	0.0846290331706801	0.0217822830230343	0.023260255889895	0.175369094451699	0.0918909889152272	0.0195486851556938	0.0425028061841823	0.0574474722198814	0.0432016131916608	-0.0692542273229111	-0.153535014577798	0.178448598093973	0.185957652107787	0.124321386636422	0.116557697491884	0.193220287955806	0.191489465683926	0.0311364722531507	0.0809600528996109	0.00769972318971592	0.0295347527811636	0.21117758275979	0.174281100799111	0.404413880923245	0.443464535915499	0.369184640279002	0.356600624222055	0.281229934013371	0.399711704151282	0.0793615424141125	0.34079234025513	0.160501116827714	0.0716611845959227	0.374819362613346	0.324831257761468	0.521743634150101	0.518927782541072	0.415853342908757	0.31535385707379	0.521630316443929	0.516654390300995	0.055675186780807	0.326647707605167	-0.0264597279847195	0.0937512438725073	0.382557007410859	-0.037514366850145	0.55005566373425	0.530436198666884	0.347919307908815	0.280115394059707	0.590115555201259	0.540235687976596	0.129041658419209	0.31995361706998	0.294077717026589	0.124988124005358	0.247352440976798	0.247755595310484
"SAPRMaZ"	0.979647443829513	1	0.741929314930751	0.635455712924146	0.918082491257475	0.986144416914371	0.189881669735738	0.530933368182737	0.529429792667786	0.319206692158447	0.486972510514112	0.507346392896565	0.626252264010329	0.626834057842989	0.576747128571426	0.518329098655129	0.54021910319316	0.59786846038678	0.182569013157924	0.415886336609829	0.428375056342238	0.31435387180114	0.344937918111912	0.407021839807614	0.743083580204078	0.770423587280958	0.616933309252976	0.515429787119988	0.707617340751712	0.761954660840953	0.0375256635369748	0.576442680366168	0.553911330592552	-0.0221022325196446	0.457612016333946	0.484259735058003	0.0633948598354044	0.0991912356615272	-0.0281333330518425	-0.137181894149486	0.132237345852746	0.0701593720853547	0.0163301608154009	-0.10837932358655	-0.133065256942335	-0.157361378172686	0.135510371782358	0.164276751823358	0.0998775454639961	0.0714157713671034	0.00583005019125049	0.00760696767402635	0.149757683895676	0.0794554590416906	-0.00322073364678201	0.0393502821223589	0.0579037300953582	0.00674262905490866	-0.0465967517771418	-0.125748523759721	0.155822872185331	0.176100434659183	0.127756363264794	0.118776052876169	0.15697220196798	0.180064547215421	0.0242674416108903	0.0862427772050014	0.0138817407190988	0.0281854170096181	0.233361811627732	0.20483418168309	0.407737964722481	0.440157730589099	0.372395539667026	0.365928589487816	0.283391154944862	0.39245792330808	0.0887422771422173	0.341300628579807	0.159479163084466	0.0824108989810468	0.381019439931631	0.332884224285364	0.483843783874729	0.486353262772376	0.412307972531438	0.316900281944254	0.482562644187552	0.478818530002668	0.0292506992489304	0.330989580855303	-0.0334331820983488	0.0772611260415175	0.402285014474177	-0.0610259705409622	0.544529207756578	0.528693404429154	0.346104689343002	0.284943333723706	0.582955572933845	0.536744398374235	0.0818526463039728	0.345956549396928	0.324914587411161	0.104366330026348	0.267763702316739	0.268619534503027
"SDAPRMaZ"	0.767367701797129	0.741929314930751	1	0.836192642523613	0.481492490116592	0.65328951615375	0.426159804155911	0.6526555572574	0.642758892906247	0.47901683289991	0.587120175049338	0.593957425446357	0.557342894907495	0.545518697425292	0.771036115024287	0.704053841297897	0.331115336426437	0.475089954204526	0.397635387261866	0.495672305234028	0.448778231662086	0.588617094625856	0.389884517486703	0.412712669521271	0.691773979638795	0.687836693865058	0.829340266909064	0.707782417483997	0.514780651264429	0.628526162034024	0.351867020007015	0.571965874022158	0.526255497236175	0.155108156588778	0.440897758566328	0.449713166164679	0.123890177934349	0.102257093419608	0.168218651659216	0.0185629106460638	0.0724327090234534	0.101201470248962	0.231016191458776	0.0694149193777998	0.0315410355726558	0.0506710972390509	0.263872785252124	0.235579087206212	0.224183191413648	0.158692337599572	0.264366563705366	0.253544574152392	0.173911835783274	0.138929071991612	0.277088841281283	0.154035287007225	0.158972075069447	0.246648134491871	0.0965195370016116	-0.116342027084098	0.22414882635501	0.205760645200353	0.298595264450911	0.294196104754956	0.155530332430772	0.186803545649372	0.194703235172555	0.202772482416911	0.157432562434801	0.23905775618106	0.267095850875466	0.224353804195387	0.263880332171116	0.325878601137048	0.400155144533776	0.382519747690359	0.0477454852798372	0.250779926004488	0.137523700274552	0.483523096976578	0.211493905151788	0.215171237448224	0.433933299186174	0.403645468605286	0.410443557892797	0.402623019650424	0.533187713017365	0.418141047904282	0.401265982865643	0.356935628471192	0.186443108869744	0.365651898701243	-0.0865225085496909	0.277990609114583	0.301836261891951	0.0349216065096169	0.425661656445926	0.393352373797836	0.484547718802045	0.397175737768701	0.298980957511572	0.344053461983716	0.268235612629026	0.435155039914328	0.418062286055931	0.303847262991511	0.311124164494345	0.284151654260816
"SSAPRMaZ"	0.664924846529457	0.635455712924146	0.836192642523613	1	0.434410736484799	0.498561949334043	0.364285190288612	0.539875414255355	0.558145245136635	0.384300659862835	0.471151171167859	0.526776715101383	0.473379728919372	0.472433791248912	0.676000533952683	0.714531236483977	0.26896982907496	0.392705937117106	0.319563246542797	0.428798819129089	0.402427753472765	0.498531280606832	0.345143854598627	0.367652866503874	0.628569845926178	0.600467666625415	0.686884461750962	0.689757942352376	0.505396635816691	0.533668246058816	0.32103891861723	0.432773313873711	0.395759879054923	0.0950200570756504	0.373853205412534	0.402496485189292	0.0621954811022305	0.0543771247760319	0.0718496142765824	0.0178884557234126	0.0468622070005114	0.050849008726388	0.153911065292252	0.00131248051929493	-0.0144667307940776	-0.000633177843093221	0.143451569499487	0.130105492841306	0.162476051578707	0.079813701193004	0.158480942554058	0.139281684183164	0.147423559384334	0.0680035077708752	0.193556481789787	0.0760353999316446	0.0734884743216388	0.199209989362042	0.0675989042128102	-0.0909995047801244	0.131994755144152	0.0862947018542659	0.177858524942708	0.165989225811883	0.0903483291965442	0.0718775863457346	0.180449969261996	0.064178371881496	0.0198120450266934	0.165090411238826	0.181316575300896	0.126348472459096	0.273465258775058	0.318484824934861	0.36031341919068	0.335932769634513	0.0958311396181863	0.258603796274336	0.141384172988986	0.357709604083335	0.0719131259612571	0.159146731131404	0.411978491751791	0.420343674348314	0.338449750772172	0.35282316785165	0.463966757615094	0.392414538143297	0.329810000014119	0.306205127761164	0.146118231200305	0.412788986036127	-0.0556200953851117	0.173561165762182	0.315360059647794	0.021703852811571	0.28305702973916	0.255767521980361	0.326849148595873	0.191052986616461	0.195423054463157	0.243776608358714	0.191829102619996	0.262249405355427	0.247347122560703	0.186111556204245	0.27485118979702	0.250535347112896
"CDPRMaZ"	0.931468068386752	0.918082491257475	0.481492490116592	0.434410736484799	1	0.93737153969374	0.0704893198537119	0.358884205882275	0.356948729897752	0.212766542846312	0.297256308268022	0.317282311624521	0.593871118521913	0.592563057920921	0.39129509517554	0.310682065922897	0.602652024999521	0.597234797107622	0.0894188516212957	0.286854096627341	0.315536009929997	0.156370743377266	0.208610658859748	0.276147245243418	0.673625141304592	0.711125226757393	0.408944976250592	0.324983608214418	0.726345408085261	0.734819970766492	-0.0845618795735909	0.456919154842948	0.442777380671248	-0.0680408504602843	0.331477025664078	0.371096859540549	0.00219943819314475	0.0457353371771203	-0.138691871731158	-0.194111622340702	0.119347925229035	0.00805410155937556	-0.134562181916833	-0.167807027733776	-0.178383963483764	-0.249932239267079	0.0423734880783725	0.0840014385973236	0.0418790850797227	0.0261025315252737	-0.118376121332071	-0.110312663639632	0.140798099062535	0.0470239012976609	-0.12852912211579	-0.028493076031477	-0.010963051714506	-0.0793752765190511	-0.148055721789512	-0.143369391995182	0.117987409743648	0.139022400466908	-7.71546762536377e-05	-0.00830237227126019	0.178108972804585	0.157644069464215	-0.069289746626016	-0.00485767124458926	-0.0802617736434749	-0.0971319084770076	0.138566619021397	0.112089700211598	0.407493499102012	0.425872651467098	0.280545979282067	0.273277686484115	0.361324858293169	0.408516137538796	0.0307328584792966	0.193428805004377	0.100416611553098	-0.0244973575611468	0.268938988763719	0.217232631645532	0.480240429223139	0.480838570960828	0.265513511847743	0.193488025998983	0.485308323027846	0.503728784904451	-0.0299322872790252	0.238811096845469	0.0130388615681793	-0.0299379970428948	0.351620579428924	-0.0711989874471482	0.508616329072277	0.500201381454892	0.199431508447824	0.156556822193043	0.635207088762069	0.541566674803902	0.0236972457649883	0.189332968813763	0.163741718764044	-0.00205660042680984	0.160733122956443	0.176601068120563
"CSAPRMaZ"	0.956963980557187	0.986144416914371	0.65328951615375	0.498561949334043	0.93737153969374	1	0.13490963189084	0.479431739383046	0.473814434276642	0.275798528109392	0.445484577351969	0.456406873241567	0.603269138186377	0.604112126433969	0.506636487860422	0.433502225448995	0.548812463977143	0.588001664509894	0.138848706279661	0.377290646694713	0.39662292429519	0.249617136727758	0.315068192768622	0.379852851695181	0.699227109761739	0.7359585568489	0.54507151840978	0.430496638694134	0.68586946551705	0.740800428199823	-0.0268359067731721	0.554201197178704	0.536856594815996	-0.0452263667401963	0.433447749473905	0.457211865628951	0.0575494538634976	0.0994259516477688	-0.047266761919555	-0.157844845940939	0.13814998515373	0.0676190744856946	-0.0153010844323521	-0.121903023106303	-0.146156618647716	-0.176442444031539	0.120720392209811	0.155915951947364	0.0768620588901983	0.0628153339091799	-0.0277057169958421	-0.0215655254848262	0.13603191137028	0.0743798550934529	-0.0454304336292053	0.0276849935749637	0.0490344316375146	-0.0354826084777788	-0.066842237709586	-0.121307689641958	0.146597867819525	0.179692383669958	0.104668131979428	0.0971696737699821	0.157180632358611	0.187384487374831	-0.0128150347014136	0.083115887141067	0.0112646066862031	-0.00496494633902619	0.22319357411426	0.203221859203821	0.399542975566998	0.426262675582393	0.340932607308429	0.338942955713002	0.298134814075216	0.385570651618389	0.0692023208962984	0.306504050704085	0.163875564401379	0.0582245418618206	0.339431743951661	0.283447388759691	0.469656736233019	0.4693323236323	0.361813885249178	0.270256876075786	0.470107142829944	0.4710636598157	0.000904339251525962	0.281631937723329	-0.0254014937037787	0.0488503080082056	0.383060151648793	-0.0733228565079874	0.549288549392681	0.537266953782093	0.318654673477331	0.278529254234861	0.610369059725695	0.548743248564257	0.0516069693190726	0.331887393071439	0.311483713433797	0.0779304997139142	0.241967374734257	0.247966113907283
"XNPRMaZ"	0.228472807762108	0.189881669735738	0.426159804155911	0.364285190288612	0.0704893198537119	0.13490963189084	1	-0.117473095414125	-0.118608837026757	0.45270136987527	0.0340262227500144	0.0961269766968957	0.0610549138284869	0.0716850652665018	0.252079230255242	0.219851524709242	-0.0610517496801757	0.0396676516278424	0.620261468596524	-0.0270349474367159	-0.0635091618779763	0.394210778938945	0.0308263852348795	0.0512470224500047	0.0839802736165478	0.103150395721214	0.220219642519253	0.209053717242421	-0.00499802230303206	0.0727473341716266	0.542466074553876	-0.0827542103462667	-0.0822363609726238	0.130614376453258	-0.044473219770035	0.0146889170979144	-0.19193612397873	-0.164180022480846	-0.145248112190985	-0.0704133947835169	-0.208349691993448	-0.18124714649836	0.133625346375588	-0.211681864427016	-0.266833215612308	-0.0976355724582922	-0.0098403966039408	-0.0714835112616968	-0.107895825557876	-0.156493460320826	-0.0685279831360735	-0.0631589840357547	-0.121603635402914	-0.166718516010952	0.134150404449233	-0.0864092698356463	-0.117201002171749	0.0924778416077133	-0.206934410096104	-0.335776057942666	-0.0266547771481611	-0.0496260261925955	0.0423240443982432	0.0317983175586951	-0.0661293992890118	-0.0606498241228005	0.16572548260468	-0.0830716133724567	-0.0901396933763371	0.147721837159861	0.0182487591848422	-0.0259211437721069	-0.0500215731272311	-0.0443831837410327	0.13907374710711	0.0419819500599243	-0.19225837010961	-0.0676932093893555	0.122789069778077	0.101277966029968	0.0404159631268339	0.08654164206648	0.0686910525148113	0.0028221939020881	-0.0413678161816944	-0.0403632899747083	0.0705922795784687	0.0143906783446961	-0.0459269314638091	-0.050041331956931	0.15310344389902	0.00308800503068778	-0.0517735541046811	0.137145245844765	0.0740378793218526	0.184619416458527	-0.132934237053809	-0.140862124781423	-0.03940141124173	-0.0361827130599877	-0.17533812475052	-0.154871395425463	0.20544020795393	-0.105159434154186	-0.111294447219527	0.0107601912127602	0.0134360554333166	0.00407168016499291
"XADPRMaZ"	0.534262075511519	0.530933368182737	0.6526555572574	0.539875414255355	0.358884205882275	0.479431739383046	-0.117473095414125	1	0.985069511121453	0.12198181989799	0.577759835519106	0.504149889597775	0.481584768721666	0.482502867885912	0.535574834476631	0.505959532259501	0.362324145081447	0.441319981466742	-0.0802009143925465	0.644289582574919	0.61347451968126	0.235674469172514	0.422908588757134	0.426187676944635	0.627668696657562	0.623028100913225	0.625122932117473	0.552036521489294	0.538809195375617	0.587761038500091	-0.00152632270125327	0.785571682073092	0.758767088418238	-0.0961879517416106	0.530384940513441	0.453055455650287	0.179456792184988	0.117716515499946	0.210077060623233	-0.009700994681637	0.132836621577708	0.128899273921281	0.189595358869106	0.213396903081795	0.20543110821311	0.0819295405920245	0.255623957916128	0.253901044935287	0.254082156680992	0.19852877909735	0.271571557157291	0.241367440270619	0.21523755085105	0.185910304052701	0.0981568176525027	0.249147368275006	0.262169950593848	0.215412228339516	0.18074931526923	-0.0277700622710199	0.212976331038575	0.166275046528057	0.241053911950664	0.244624139059216	0.173234987921491	0.149740433775371	0.112025162133429	0.300865653379385	0.26329730387643	0.0360157542641973	0.283703930932388	0.284555833704515	0.215047413019098	0.246217303783981	0.268280288087226	0.303179007323915	0.0873052987372257	0.183740730602707	-0.0722891402378953	0.60921758090352	0.210035619192626	0.0508553538348896	0.441528076140207	0.451887132454807	0.35222982695252	0.343189489207857	0.374236183812066	0.299086107267536	0.34800591563904	0.319691014756675	0.0360404516410198	0.461369827088048	-0.0828226625248687	0.0159324757041742	0.343206548794542	0.00479860849997997	0.396317001732631	0.373996248758595	0.371947522861807	0.319101156448172	0.333170054422788	0.342086904997534	0.0395781551791617	0.587681890533826	0.57064032680372	0.183434715838697	0.256174380770506	0.246265081811244
"XASAPRMaZ"	0.528733634110322	0.529429792667786	0.642758892906247	0.558145245136635	0.356948729897752	0.473814434276642	-0.118608837026757	0.985069511121453	1	0.0863997334172381	0.583486458360194	0.515240403270461	0.479475999873522	0.482501083383794	0.524108941936995	0.502479056772209	0.366030326399151	0.441940183750257	-0.102253849227228	0.651006459647802	0.632434209972042	0.211685353387939	0.421475320683028	0.421583929854129	0.61759111134026	0.613105657414417	0.61090477362321	0.548147251253042	0.532516799000544	0.577375547787058	-0.0284304986415747	0.78975747646794	0.780765054846753	-0.125137384282669	0.54593619854985	0.467946325874385	0.147711022512069	0.0847832410842288	0.175684491183016	-0.0239535959950347	0.107016068781965	0.0960108985562286	0.182816255353228	0.181061532337405	0.175483569799134	0.0547549175238538	0.217744424931575	0.215345193613424	0.235238564589132	0.185791063635613	0.244801368172747	0.216297061859471	0.203613982013742	0.175528816253757	0.0755701502693262	0.23936439262791	0.246921843191864	0.191974924612999	0.173907443727655	-0.0500962317197916	0.203507552357999	0.15564841649417	0.239911831974384	0.245336407397198	0.1596006712577	0.137673411098662	0.108013051546305	0.299926820706182	0.26934263626725	0.0310258031595612	0.278789264564721	0.272391495252264	0.226416655795631	0.254701256793194	0.291049449316999	0.326126378549123	0.084615311575741	0.18564951985544	-0.0611293013084341	0.607233474754176	0.213514180796652	0.0372146500621911	0.457900432478117	0.474717677054221	0.356391461778732	0.347420867230653	0.388497832753931	0.311388581088416	0.35168511266234	0.321515735303888	0.0280824458822745	0.491914437561575	-0.0818447766915519	0.00895587494139769	0.339677521656483	0.00663142499824261	0.394880420531303	0.370380533081641	0.37534772149869	0.320050971185267	0.328503277325667	0.337567034008733	0.0435909365328733	0.588325420219228	0.577456474348116	0.17105458752518	0.26941776891378	0.262262941085354
"PNPRMaZ"	0.354503699399613	0.319206692158447	0.47901683289991	0.384300659862835	0.212766542846312	0.275798528109392	0.45270136987527	0.12198181989799	0.0863997334172381	1	0.0431810665764799	0.0562818262006833	0.203110103815274	0.195665568206843	0.32392753425276	0.225749822214666	0.0957329730429793	0.175191387445802	0.435539251246864	-0.0308687566520855	-0.0696460197825929	0.59116674827089	0.031188831845874	0.0605575377265418	0.232094331968684	0.233415970732918	0.312662721059918	0.175255305818983	0.153281865490071	0.226859266650534	0.359822558291247	0.0312464320215362	0.0057030535889462	0.29893163408121	-0.0348547558717205	0.0171850949435831	-0.101492859399051	-0.0572696259712492	-0.101431953954033	-0.0379794590770244	-0.089650164148239	-0.0792964381189091	0.118895443283226	-0.184241072926785	-0.200638141173684	0.108748661308253	-0.129789477840244	-0.158926724272282	-0.0524363881585348	-0.098715228476637	-0.0232902060329286	-0.0284644106076174	-0.0655633325218429	-0.106974019258293	0.140975529830183	-0.0878266805250812	-0.0988226839196921	0.129553963873896	-0.126410158428882	-0.209567029008728	-0.0559159650489411	-0.0479469525521879	-0.0528740677653437	-0.0513634699226068	-0.0520261623865495	-0.0461387606132016	0.0909920086297963	-0.0825532712713331	-0.0973046803549038	0.0151367006620552	-0.0160401607166445	-0.0373820297235034	0.0635627053034706	0.111116087954183	0.175604436457439	0.111380739237337	-0.056024336080895	0.0922999446241666	0.123242505886407	0.109321477122002	0.0611726399085836	0.186599420239516	0.0494964529818808	0.0462820532293754	0.138458472934953	0.135287738240714	0.180768115861622	0.135621971215069	0.135322679264807	0.121171737150169	0.181942074562703	0.00667285002694895	-0.0854680541840653	0.309180845656224	0.116059296391633	0.0535054219581393	0.147860328714163	0.132375523118822	0.138098991205402	0.125823267352271	0.125984590033736	0.118125396497746	0.190975936450745	0.0254308926840788	-0.00631158251326747	0.232856500876105	0.131045727885925	0.117103049594657
"PADPRMaZ"	0.461190815992621	0.486972510514112	0.587120175049338	0.471151171167859	0.297256308268022	0.445484577351969	0.0340262227500144	0.577759835519106	0.583486458360194	0.0431810665764799	1	0.925773900541955	0.363708235384708	0.351201173002621	0.526334794479243	0.628834173265628	0.20262097018125	0.274474364097798	-0.0264195818621951	0.510449298579437	0.476951984525044	0.142591649546534	0.597105821114757	0.610182188134872	0.460585128502687	0.461396528150073	0.543052552288798	0.494869194083729	0.347894198631612	0.417411917850786	-0.00574871095837044	0.572516121571439	0.555331706182952	-0.071651308953473	0.839540703209519	0.698858328673515	0.289227668476501	0.279591905186557	0.27827690880753	-0.0298835188266049	0.264459886870821	0.272911135265894	0.184015552054314	0.252093257099888	0.238574706884988	0.0909367324585093	0.447511277594968	0.475442626161946	0.267385931591965	0.209053032378094	0.33382632331374	0.351069778071236	0.19547422474122	0.180304701753358	0.19590037888566	0.222510101046297	0.232967509345426	0.104217796380299	0.324991783562982	0.0166966750932799	0.270331785583748	0.28855797984368	0.327516189463899	0.336605112593236	0.207527612224257	0.273504017496993	0.186660005511973	0.271271876877728	0.236315941779932	0.162677301679016	0.405955083213296	0.451586717086318	0.313341715592197	0.323476798690939	0.33785017413497	0.33910545925786	0.173739528941588	0.263403234845429	0.0197062339608251	0.424525655677564	0.0963900858585728	0.11521880017956	0.579711348080279	0.589132356584709	0.284525942718298	0.292594876491133	0.361997013270448	0.255648129683961	0.278499883705455	0.271603727244519	-0.0628685668332993	0.389088208584934	-0.0141873055879221	0.0354367416796412	0.513703993901146	-0.0620233249159672	0.357140270019623	0.33501928202426	0.346823558421993	0.214940905424273	0.294590411421188	0.329856036943298	-0.00950720144919606	0.479761555127304	0.487832033244407	0.0492406795497781	0.515579023422478	0.499224042573022
"PASAPRMaZ"	0.478679965889834	0.507346392896565	0.593957425446357	0.526776715101383	0.317282311624521	0.456406873241567	0.0961269766968957	0.504149889597775	0.515240403270461	0.0562818262006833	0.925773900541955	1	0.379289332963966	0.369848932807832	0.587434413100081	0.723336470001788	0.188916454712331	0.278123405071286	0.0322678799103071	0.494838557013438	0.46789901714256	0.211850140150067	0.625607573373884	0.664799258829866	0.495384374470852	0.499178053741147	0.593509894296767	0.564607485182304	0.36885649502233	0.445485644306017	0.00362293214592827	0.552807905150332	0.543013042714877	-0.044945526550513	0.807857066183287	0.782233021735975	0.255368925334872	0.251252565740417	0.268125817631312	-0.00899792829816893	0.214813044351707	0.249060479950796	0.179054865533896	0.220067938391232	0.210262596103597	0.0945199327689883	0.455183125167025	0.465922042289198	0.285992377152136	0.242040866118681	0.347418347024699	0.374429622367702	0.215298912446768	0.213850451626073	0.202889075680849	0.218974654927862	0.243149287041481	0.16558746750749	0.308521978276131	0.00328964449078284	0.27375923431079	0.321931487336384	0.328529442649298	0.349758436263523	0.212080047223957	0.309048896283231	0.205157654862327	0.252347379695436	0.226284096447034	0.181196968315079	0.377451250476545	0.431561868112065	0.311131939248229	0.318866005256533	0.378757084567615	0.386660634090234	0.135613627196149	0.240972801516048	0.109407732704824	0.389398728837475	0.159980938709665	0.216272843069158	0.560997074626186	0.609892153131295	0.32557805380415	0.343397099484275	0.445851390385739	0.36014030555742	0.317287617860968	0.30354209657347	0.0192675476327368	0.445792771176746	-0.019477858377222	0.11505621108141	0.541615097622544	-0.0859871111453864	0.392502567870274	0.366680300728322	0.412135284816335	0.29416667750853	0.301077890274887	0.343439175439264	0.0739239573715642	0.471895153279844	0.49163493265038	0.128340136346591	0.524342623038578	0.538847927388149
"DPRMZ"	0.666007005243063	0.626252264010329	0.557342894907495	0.473379728919372	0.593871118521913	0.603269138186377	0.0610549138284869	0.481584768721666	0.479475999873522	0.203110103815274	0.363708235384708	0.379289332963966	1	0.982068600198759	0.801695786380723	0.623833161153339	0.936506967088203	0.97126899372348	0.172675968136119	0.604613670613149	0.584791202668286	0.402162990403276	0.482606210610795	0.534420759619907	0.713593017477927	0.709280210619514	0.626642088714012	0.556915950640325	0.657487932445722	0.684858630898427	0.0829616448410454	0.542286074928332	0.499857879338929	0.0423636016431178	0.347320544525498	0.479064788625128	0.0730556615536831	0.061203404807107	0.0112641752897316	0.0237246394797238	0.115929553205072	0.0433231505375203	-0.0294354700965026	0.00681830640470725	-0.00381858039265294	-0.103732152992265	0.134805310561843	0.163236435402225	0.250273668956926	0.225299176060598	0.176741185547132	0.181996348845275	0.272116852518997	0.226135535287895	-0.00426878560106433	0.169579278749666	0.174500909574054	0.115464782660241	0.042546583435636	-0.133318227960821	0.161753010572444	0.165890004761113	0.115882356172365	0.0984831375485024	0.173659410701017	0.171747612457324	-0.0310794213583528	0.136085803658117	0.06472398366999	0.00254389222538156	0.19530902528226	0.127563789752933	0.211182118306114	0.237337972644903	0.24813719502268	0.235108772225603	0.101174167560618	0.199277575866345	-0.00357642117434277	0.344735389816667	0.0688375245561898	0.0290922392650088	0.327261428267969	0.318706362120697	0.572632158215155	0.540401552187961	-0.00885838209884968	0.404194661448458	0.576684873974836	0.519963600594942	-0.0106371864195995	0.334263457406655	0.141568375533069	0.0430810724951283	0.416254218605447	0.0341923120226339	0.497978094972377	0.48719669552596	0.351944967013313	0.333103006846607	0.506925456641791	0.472991126621971	0.0816615329531311	0.3440254100082	0.341353380727371	0.06320572764044	0.366280468584337	0.393638270349753
"SAPRMZ"	0.660189678908055	0.626834057842989	0.545518697425292	0.472433791248912	0.592563057920921	0.604112126433969	0.0716850652665018	0.482502867885912	0.482501083383794	0.195665568206843	0.351201173002621	0.369848932807832	0.982068600198759	1	0.78257158576033	0.627007480937253	0.922499810503705	0.990456807937775	0.138169112187217	0.589432379128295	0.569310087975684	0.37963305423038	0.467305514122193	0.510972639277207	0.714431843402725	0.711889874070384	0.615934138737164	0.56604424946583	0.664680708944839	0.685975153377215	0.071200709598185	0.547102950407853	0.511101190572013	0.0421040139958077	0.344499799382315	0.476857376804634	0.0527261861492115	0.0463133333896651	-0.00708071390277789	0.0109616896302332	0.0962323837737319	0.027803360382232	-0.0290437879331572	-0.0204066439391957	-0.0329861697418875	-0.11610134011256	0.105211370241182	0.137580681348181	0.243622239505861	0.229012627706918	0.164912236543358	0.170822901547288	0.269388038014951	0.232088148076139	-0.0399829094038571	0.165475784109937	0.175248687945395	0.112427333917349	0.0393722263999666	-0.147167952808107	0.16043891201431	0.165322279991166	0.11594552873524	0.0951099309406527	0.171614913927329	0.171631828047502	-0.0288375143435835	0.131531324086884	0.056682437907431	-0.0102574593080369	0.188599058924078	0.131863238030755	0.213267480337837	0.237821841001474	0.24808690013342	0.212921546320982	0.104319376999391	0.207726413708194	-0.0278868060779935	0.340680677907725	0.0679614327954194	0.002154225157242	0.325244989288402	0.319664684009196	0.566264857065223	0.537321244389195	-0.00739718865345234	0.384581459974003	0.569988470448466	0.521327180500638	-0.0424226597698959	0.34385173064271	0.168132420518835	0.00926168933631051	0.430050257581781	0.0266839952030083	0.466943880318601	0.463368916379019	0.323961841154862	0.304156398964358	0.479810756739433	0.453692813067226	0.0636900348813687	0.320047889454716	0.318201254353407	0.0357720732431015	0.34574818827621	0.37677912918348
"SDAPRMZ"	0.604606443424556	0.576747128571426	0.771036115024287	0.676000533952683	0.39129509517554	0.506636487860422	0.252079230255242	0.535574834476631	0.524108941936995	0.32392753425276	0.526334794479243	0.587434413100081	0.801695786380723	0.78257158576033	1	0.874863549758382	0.541199484396987	0.707133063443171	0.369033711712921	0.669093279688361	0.643232035217771	0.596266278192292	0.575329063035437	0.645584338141504	0.667738444993431	0.657463893867777	0.803795181522653	0.747349595071018	0.493275292445659	0.58901267094691	0.309558040822579	0.569557164772589	0.521015535848565	0.13022640970533	0.420062311272724	0.545566491349019	0.19053668134985	0.148293530688919	0.221220714273148	0.18026403886086	0.143904000628904	0.147155527867417	0.181513853957756	0.190244094721256	0.162334223088784	0.09809025594758	0.317019127839588	0.326626463449139	0.382723110002262	0.340060759988425	0.391561584535276	0.399926974983865	0.339543989742898	0.321660930248663	0.203656543434195	0.283454985617629	0.296882154582367	0.304106506562952	0.213219606113759	-0.110562829237845	0.288750550919196	0.270696207847119	0.289760392727557	0.286486516426823	0.257718210724028	0.260700885420692	0.0927988090771091	0.305899862163934	0.252963168623104	0.144629487773549	0.334226127923262	0.314701530228386	0.199727607894141	0.231387316139817	0.362508716142553	0.352990462507963	-0.0140252081504397	0.150362719744383	0.0643166312022563	0.495210516756515	0.161642252044452	0.182613905594036	0.442096877244824	0.467390309268697	0.542210810492548	0.526044702355787	0.0437287379809474	0.567722096793487	0.535185107645618	0.462582589686722	0.128083411229574	0.48319910785458	0.0299690090453631	0.232120137364767	0.445123585113804	0.048345153761183	0.513337480038638	0.481265482220915	0.553579416328986	0.508639837147054	0.381374848553648	0.412814102869928	0.184309768739417	0.52044425817555	0.52555904745761	0.229470036268441	0.499460815334106	0.508639536172433
"SSAPRMZ"	0.517761964373496	0.518329098655129	0.704053841297897	0.714531236483977	0.310682065922897	0.433502225448995	0.219851524709242	0.505959532259501	0.502479056772209	0.225749822214666	0.628834173265628	0.723336470001788	0.623833161153339	0.627007480937253	0.874863549758382	1	0.364390075780344	0.513657513320898	0.229323551802059	0.654822222265538	0.619390493812556	0.467162565977824	0.589213664681052	0.646321203159197	0.609277884799888	0.582804001110326	0.704832460374143	0.742183271171228	0.466126953488106	0.506327174068257	0.20614821563395	0.507984967267541	0.47004782860497	0.00126578079277646	0.533543244701773	0.642562937109049	0.149980629459522	0.136841225753957	0.177990314318517	0.0616030860051398	0.110088272888605	0.134285861355231	0.172829188539084	0.15663446595582	0.12053386445186	0.0480568355076501	0.319252923788202	0.310001831178781	0.308890894243832	0.26679556550665	0.326111655181257	0.343716054711048	0.26767224110973	0.247657022097158	0.152396905790898	0.256247688735198	0.278919610618112	0.237127471778948	0.244227148433264	-0.099626208021088	0.232379944035704	0.236332210904782	0.244198972497795	0.250317182899766	0.200463466285375	0.227574796672081	0.0822798237597747	0.255019685923396	0.221369212725039	0.121626048732966	0.34678177605368	0.336574618721483	0.249279726004338	0.267573413410126	0.386789109967029	0.322326117616887	0.0388462943754436	0.204345217557132	0.0526355712304614	0.462034831267352	0.118507718702515	0.145506976025067	0.521011841013167	0.587654262321572	0.429067226256145	0.426864204100726	0.0382185954329777	0.476935541356005	0.422754123235804	0.371304224615892	-0.0150061793060495	0.567896821443814	0.0393258783497333	0.0926357131876881	0.540913447265277	0.0602959211762076	0.435236899559425	0.408510198536078	0.482380556507838	0.414131691054545	0.313712852716969	0.355744390741979	0.0743061463896744	0.512033978293348	0.5246063232703	0.110750941912853	0.53515861180544	0.57141354887899
"CDPRMZ"	0.579594677768729	0.54021910319316	0.331115336426437	0.26896982907496	0.602652024999521	0.548812463977143	-0.0610517496801757	0.362324145081447	0.366030326399151	0.0957329730429793	0.20262097018125	0.188916454712331	0.936506967088203	0.922499810503705	0.541199484396987	0.364390075780344	1	0.951561506234015	0.0264348039588649	0.458063409807575	0.445348050949775	0.215976936391926	0.341427505232523	0.373106597578753	0.612177918707908	0.612138907433872	0.410005984153012	0.345025545412455	0.635612336155745	0.617944747986876	-0.064919665439358	0.428767377698677	0.397556079741146	-0.0168107634719302	0.242180105481434	0.353895021151999	-0.00776285421066032	3.72428606233686e-05	-0.111933338478176	-0.070857376574729	0.07914402477062	-0.0243239923564631	-0.145960627823649	-0.100273523436925	-0.0990464088488942	-0.201762607658981	0.00562860738511372	0.0398639465806522	0.129793426985744	0.119414622590339	0.021855929146519	0.0243918839319479	0.185196455631257	0.131174033406686	-0.123180492633507	0.074056677477704	0.0732129300107179	-0.0135193786623956	-0.0632030957893264	-0.122841912228216	0.0630817173921422	0.0791067465610625	-0.00176802747244607	-0.0242945372030733	0.0973460108220866	0.0929773342812831	-0.0961223083109471	0.0173995257679779	-0.0526093243923352	-0.0783691304778602	0.0843408098859894	0.000471572525863774	0.181420732777779	0.199778543006409	0.137237069648187	0.124379439331207	0.15208420904947	0.193828696763314	-0.0432853589751684	0.195664298046607	0.00179298222271389	-0.0671361702826276	0.202385696145877	0.175206042530379	0.49134980149448	0.455348312880095	-0.037906868137112	0.239242933592218	0.501144184599563	0.463461473711417	-0.0894650719768096	0.189883642459207	0.181995342359605	-0.074291676966494	0.327522165753194	0.0200526751968319	0.399187694873133	0.402869346201559	0.169939008965857	0.169839707803061	0.489383214083604	0.423123042668228	0.00658099454343327	0.178274731069562	0.171505353638797	-0.0459571017122956	0.221944429643576	0.25506115175578
"CSAPRMZ"	0.634714721005101	0.59786846038678	0.475089954204526	0.392705937117106	0.597234797107622	0.588001664509894	0.0396676516278424	0.441319981466742	0.441940183750257	0.175191387445802	0.274474364097798	0.278123405071286	0.97126899372348	0.990456807937775	0.707133063443171	0.513657513320898	0.951561506234015	1	0.111605653250458	0.533341827475916	0.517447992990998	0.335472363829879	0.410440349045696	0.448431268567559	0.679212814382756	0.68109907051476	0.553784006887966	0.492209192340838	0.649745191618445	0.666088137794139	0.0419456954897547	0.512802247817611	0.479855945446983	0.0461609716053112	0.285074276572064	0.411589848986983	0.0316979705436135	0.0269503180699027	-0.0389105904986119	0.00126899628748925	0.0864753351478975	0.00706043150905912	-0.0621386287592572	-0.049816530291673	-0.0573234973538034	-0.135965326294272	0.059756983025816	0.0969390493515832	0.21354078767425	0.20487498149925	0.123997809317274	0.127403002034068	0.249101906508989	0.211616898411199	-0.0707147963836785	0.136887414123149	0.143647998378179	0.0819343050373894	0.000384779456478467	-0.144270634898664	0.135916813065989	0.140600630378812	0.0848607781318891	0.060849737760882	0.153813593300569	0.14908164871803	-0.0461661335552409	0.100123928596885	0.0236153255137918	-0.0326048139093921	0.146873775720062	0.0861989367368862	0.190996204656862	0.214853522028697	0.204810386737668	0.177508343215957	0.108332605054167	0.192933629353064	-0.0402662688763869	0.2936523698934	0.0538545515788196	-0.0237248903922511	0.266010336495259	0.247885986136339	0.547901016866506	0.51641352546934	-0.0148933232286167	0.339358146228356	0.553116363703083	0.508606645474396	-0.0440722325128837	0.27844430683135	0.178226717779252	-0.0061525199703753	0.378140359573475	0.0187439707107805	0.438571931551235	0.439098089718751	0.274325203324432	0.263988903605755	0.472823253613852	0.437272658052267	0.0573397169108151	0.26512040458625	0.261012981313587	0.0207474300987284	0.289397012448491	0.317325391025355
"XNPRMZ"	0.229075098785386	0.182569013157924	0.397635387261866	0.319563246542797	0.0894188516212957	0.138848706279661	0.620261468596524	-0.0802009143925465	-0.102253849227228	0.435539251246864	-0.0264195818621951	0.0322678799103071	0.172675968136119	0.138169112187217	0.369033711712921	0.229323551802059	0.0264348039588649	0.111605653250458	1	-0.114595378564664	-0.135947810114158	0.612802973452125	-0.00832012199235264	0.0034459577119811	0.103311031624575	0.124828303051179	0.27153592733575	0.181652692623361	-0.00623999652044683	0.103950785006066	0.590691351046922	-0.0970690016717149	-0.104288076235599	0.199861372923428	-0.223936787473013	-0.0871658656683588	0.0265132111723011	0.00590313309031431	0.0356160252967975	0.236415309551533	0.016032350188292	-0.00343796194294859	0.150574611873994	-0.11417498258192	-0.142240300343597	0.157892166153375	-0.0267577909750352	-0.0533384440108495	0.020113509399668	-0.0154878596166813	0.0501346749776143	0.0322725814697992	-0.000818361397669421	-0.0225769832173652	0.306091498686316	-0.143341547232571	-0.140880989146885	0.223065898353767	-0.156846499255607	-0.146797198696964	0.175112441554499	0.119288353625505	0.150889972358505	0.139788359645345	0.171957757966561	0.112778576146875	0.187358523212834	0.0393000101954389	0.0195563050870411	0.233685764663629	0.0186810302323668	-0.00411249352586099	-0.186923938831778	-0.161010146072949	-0.0604973006605244	0.00692680955919537	-0.22613302610877	-0.194240915224184	0.174880132620799	0.00928326407275682	0.0437635439291244	0.216293438873285	-0.0368297478379952	-0.084071304458869	0.0120222877733112	0.0189157523286416	0.153063160903495	0.0385362980550414	-0.0198357288563166	0.0121032057221291	0.20568256313445	-0.0204837853972392	-0.0611635486162289	0.273413657575251	-0.0723232685491418	0.320958982250494	0.0719217589669026	0.016862775700731	0.134326351688271	0.173588142958195	0.0114230305750102	-0.0327348530935124	0.29417136411679	-0.0354722126442395	-0.0403182940773756	0.235027451927977	-0.0315448752404292	-0.033456864754713
